   lat   lon            yy   mm  dd hh mi sec dt(min) TSLength
  39.1996293210  119.0844967710   2006	1	 01	 00	 00	 00	 60	   100
  39.1951267840  119.0843636680   2006	1	 01	 00	 00	 00	 60	   100
  39.1906242430  119.0842305950   2006	1	 01	 00	 00	 00	 60	   100
  39.1861216980  119.0840975520   2006	1	 01	 00	 00	 00	 60	   100
  39.1816191500  119.0839645390   2006	1	 01	 00	 00	 00	 60	   100
  39.1771165970  119.0838315550   2006	1	 01	 00	 00	 00	 60	   100
  39.1726140400  119.0836986020   2006	1	 01	 00	 00	 00	 60	   100
  39.1681114800  119.0835656780   2006	1	 01	 00	 00	 00	 60	   100
  39.1636089160  119.0834327840   2006	1	 01	 00	 00	 00	 60	   100
  39.1591063480  119.0832999190   2006	1	 01	 00	 00	 00	 60	   100
  39.1546037760  119.0831670850   2006	1	 01	 00	 00	 00	 60	   100
  39.1501012000  119.0830342800   2006	1	 01	 00	 00	 00	 60	   100
  39.1455986200  119.0829015050   2006	1	 01	 00	 00	 00	 60	   100
  39.1410960370  119.0827687590   2006	1	 01	 00	 00	 00	 60	   100
  39.1365934490  119.0826360440   2006	1	 01	 00	 00	 00	 60	   100
  39.1320908580  119.0825033580   2006	1	 01	 00	 00	 00	 60	   100
  39.1275882630  119.0823707010   2006	1	 01	 00	 00	 00	 60	   100
  39.1230856640  119.0822380750   2006	1	 01	 00	 00	 00	 60	   100
  39.1185830610  119.0821054780   2006	1	 01	 00	 00	 00	 60	   100
  39.1140804540  119.0819729110   2006	1	 01	 00	 00	 00	 60	   100
  39.1095778430  119.0818403730   2006	1	 01	 00	 00	 00	 60	   100
  39.1050752290  119.0817078660   2006	1	 01	 00	 00	 00	 60	   100
  39.1005726100  119.0815753870   2006	1	 01	 00	 00	 00	 60	   100
  39.0960699880  119.0814429390   2006	1	 01	 00	 00	 00	 60	   100
  39.0915673620  119.0813105200   2006	1	 01	 00	 00	 00	 60	   100
  39.0870647320  119.0811781310   2006	1	 01	 00	 00	 00	 60	   100
  39.0825620980  119.0810457710   2006	1	 01	 00	 00	 00	 60	   100
  39.0780594600  119.0809134420   2006	1	 01	 00	 00	 00	 60	   100
  39.0735568190  119.0807811410   2006	1	 01	 00	 00	 00	 60	   100
  39.0690541740  119.0806488710   2006	1	 01	 00	 00	 00	 60	   100
  39.0645515240  119.0805166300   2006	1	 01	 00	 00	 00	 60	   100
  39.0600488710  119.0803844180   2006	1	 01	 00	 00	 00	 60	   100
  39.0555462140  119.0802522360   2006	1	 01	 00	 00	 00	 60	   100
  39.0510435530  119.0801200840   2006	1	 01	 00	 00	 00	 60	   100
  39.0465408880  119.0799879610   2006	1	 01	 00	 00	 00	 60	   100
  39.0420382200  119.0798558680   2006	1	 01	 00	 00	 00	 60	   100
  39.0375355470  119.0797238050   2006	1	 01	 00	 00	 00	 60	   100
  39.0330328710  119.0795917710   2006	1	 01	 00	 00	 00	 60	   100
  39.0285301910  119.0794597660   2006	1	 01	 00	 00	 00	 60	   100
  39.0240275070  119.0793277910   2006	1	 01	 00	 00	 00	 60	   100
  39.0195248190  119.0791958460   2006	1	 01	 00	 00	 00	 60	   100
  39.0150221270  119.0790639300   2006	1	 01	 00	 00	 00	 60	   100
  39.0105194310  119.0789320440   2006	1	 01	 00	 00	 00	 60	   100
  39.0060167320  119.0788001870   2006	1	 01	 00	 00	 00	 60	   100
  39.0015140290  119.0786683600   2006	1	 01	 00	 00	 00	 60	   100
  38.9970113210  119.0785365620   2006	1	 01	 00	 00	 00	 60	   100
  38.9925086100  119.0784047940   2006	1	 01	 00	 00	 00	 60	   100
  38.9880058950  119.0782730550   2006	1	 01	 00	 00	 00	 60	   100
  38.9835031770  119.0781413450   2006	1	 01	 00	 00	 00	 60	   100
  38.9790004540  119.0780096660   2006	1	 01	 00	 00	 00	 60	   100
  38.9744977280  119.0778780150   2006	1	 01	 00	 00	 00	 60	   100
  38.9699949970  119.0777463940   2006	1	 01	 00	 00	 00	 60	   100
  38.9654922630  119.0776148030   2006	1	 01	 00	 00	 00	 60	   100
  38.9609895250  119.0774832410   2006	1	 01	 00	 00	 00	 60	   100
  38.9564867830  119.0773517080   2006	1	 01	 00	 00	 00	 60	   100
  38.9519840370  119.0772202050   2006	1	 01	 00	 00	 00	 60	   100
  38.9474812870  119.0770887310   2006	1	 01	 00	 00	 00	 60	   100
  38.9429785340  119.0769572870   2006	1	 01	 00	 00	 00	 60	   100
  38.9384757770  119.0768258720   2006	1	 01	 00	 00	 00	 60	   100
  38.9339730150  119.0766944860   2006	1	 01	 00	 00	 00	 60	   100
  38.9294702500  119.0765631300   2006	1	 01	 00	 00	 00	 60	   100
  38.9249674810  119.0764318040   2006	1	 01	 00	 00	 00	 60	   100
  38.9204647090  119.0763005060   2006	1	 01	 00	 00	 00	 60	   100
  38.9159619320  119.0761692380   2006	1	 01	 00	 00	 00	 60	   100
  38.9114591510  119.0760380000   2006	1	 01	 00	 00	 00	 60	   100
  38.9069563670  119.0759067900   2006	1	 01	 00	 00	 00	 60	   100
  38.9024535790  119.0757756100   2006	1	 01	 00	 00	 00	 60	   100
  38.8979507870  119.0756444600   2006	1	 01	 00	 00	 00	 60	   100
  38.8934479910  119.0755133390   2006	1	 01	 00	 00	 00	 60	   100
  38.8889451910  119.0753822470   2006	1	 01	 00	 00	 00	 60	   100
  38.8844423870  119.0752511840   2006	1	 01	 00	 00	 00	 60	   100
  38.8799395800  119.0751201510   2006	1	 01	 00	 00	 00	 60	   100
  38.8754367690  119.0749891470   2006	1	 01	 00	 00	 00	 60	   100
  38.8709339530  119.0748581720   2006	1	 01	 00	 00	 00	 60	   100
  38.8664311340  119.0747272270   2006	1	 01	 00	 00	 00	 60	   100
  38.8619283110  119.0745963110   2006	1	 01	 00	 00	 00	 60	   100
  38.8574254850  119.0744654240   2006	1	 01	 00	 00	 00	 60	   100
  38.8529226540  119.0743345660   2006	1	 01	 00	 00	 00	 60	   100
  38.8484198200  119.0742037380   2006	1	 01	 00	 00	 00	 60	   100
  38.8439169810  119.0740729390   2006	1	 01	 00	 00	 00	 60	   100
  38.8394141390  119.0739421690   2006	1	 01	 00	 00	 00	 60	   100
  38.8349112930  119.0738114290   2006	1	 01	 00	 00	 00	 60	   100
  38.8304084430  119.0736807170   2006	1	 01	 00	 00	 00	 60	   100
  38.8259055890  119.0735500350   2006	1	 01	 00	 00	 00	 60	   100
  38.8214027320  119.0734193820   2006	1	 01	 00	 00	 00	 60	   100
  38.8168998700  119.0732887590   2006	1	 01	 00	 00	 00	 60	   100
  38.8123970050  119.0731581640   2006	1	 01	 00	 00	 00	 60	   100
  38.8078941360  119.0730275990   2006	1	 01	 00	 00	 00	 60	   100
  38.8033912630  119.0728970630   2006	1	 01	 00	 00	 00	 60	   100
  38.7988883860  119.0727665560   2006	1	 01	 00	 00	 00	 60	   100
  38.7943855060  119.0726360790   2006	1	 01	 00	 00	 00	 60	   100
  38.7898826210  119.0725056300   2006	1	 01	 00	 00	 00	 60	   100
  38.7853797330  119.0723752110   2006	1	 01	 00	 00	 00	 60	   100
  38.7808768400  119.0722448210   2006	1	 01	 00	 00	 00	 60	   100
  38.7763739440  119.0721144590   2006	1	 01	 00	 00	 00	 60	   100
  38.7718710440  119.0719841280   2006	1	 01	 00	 00	 00	 60	   100
  38.7673681410  119.0718538250   2006	1	 01	 00	 00	 00	 60	   100
  38.7628652330  119.0717235510   2006	1	 01	 00	 00	 00	 60	   100
  38.7583623210  119.0715933070   2006	1	 01	 00	 00	 00	 60	   100
  38.7538594060  119.0714630910   2006	1	 01	 00	 00	 00	 60	   100
  38.7493564870  119.0713329050   2006	1	 01	 00	 00	 00	 60	   100
  38.7448535640  119.0712027480   2006	1	 01	 00	 00	 00	 60	   100
  38.7403506370  119.0710726200   2006	1	 01	 00	 00	 00	 60	   100
  38.7358477060  119.0709425210   2006	1	 01	 00	 00	 00	 60	   100
  38.7313447720  119.0708124510   2006	1	 01	 00	 00	 00	 60	   100
  38.7268418330  119.0706824100   2006	1	 01	 00	 00	 00	 60	   100
  38.7223388910  119.0705523980   2006	1	 01	 00	 00	 00	 60	   100
  38.7178359450  119.0704224160   2006	1	 01	 00	 00	 00	 60	   100
  38.7133329950  119.0702924620   2006	1	 01	 00	 00	 00	 60	   100
  38.7088300410  119.0701625370   2006	1	 01	 00	 00	 00	 60	   100
  38.7043270840  119.0700326420   2006	1	 01	 00	 00	 00	 60	   100
  38.6998241220  119.0699027750   2006	1	 01	 00	 00	 00	 60	   100
  38.6953211570  119.0697729380   2006	1	 01	 00	 00	 00	 60	   100
  38.6908181880  119.0696431290   2006	1	 01	 00	 00	 00	 60	   100
  38.6863152150  119.0695133500   2006	1	 01	 00	 00	 00	 60	   100
  38.6818122380  119.0693835990   2006	1	 01	 00	 00	 00	 60	   100
  38.6773092570  119.0692538780   2006	1	 01	 00	 00	 00	 60	   100
  38.6728062730  119.0691241850   2006	1	 01	 00	 00	 00	 60	   100
  38.6683032840  119.0689945220   2006	1	 01	 00	 00	 00	 60	   100
  38.6638002920  119.0688648870   2006	1	 01	 00	 00	 00	 60	   100
  38.6592972960  119.0687352810   2006	1	 01	 00	 00	 00	 60	   100
  38.6547942960  119.0686057050   2006	1	 01	 00	 00	 00	 60	   100
  38.6502912920  119.0684761570   2006	1	 01	 00	 00	 00	 60	   100
  38.6457882850  119.0683466380   2006	1	 01	 00	 00	 00	 60	   100
  38.6412852730  119.0682171490   2006	1	 01	 00	 00	 00	 60	   100
  38.6367822580  119.0680876880   2006	1	 01	 00	 00	 00	 60	   100
  38.6322792390  119.0679582560   2006	1	 01	 00	 00	 00	 60	   100
  38.6277762160  119.0678288530   2006	1	 01	 00	 00	 00	 60	   100
  38.6232731890  119.0676994790   2006	1	 01	 00	 00	 00	 60	   100
  38.6187701580  119.0675701340   2006	1	 01	 00	 00	 00	 60	   100
  38.6142671240  119.0674408170   2006	1	 01	 00	 00	 00	 60	   100
  38.6097640860  119.0673115300   2006	1	 01	 00	 00	 00	 60	   100
  38.6052610430  119.0671822710   2006	1	 01	 00	 00	 00	 60	   100
  38.6007579970  119.0670530420   2006	1	 01	 00	 00	 00	 60	   100
  38.5962549480  119.0669238410   2006	1	 01	 00	 00	 00	 60	   100
  38.5917518940  119.0667946690   2006	1	 01	 00	 00	 00	 60	   100
  38.5872488360  119.0666655260   2006	1	 01	 00	 00	 00	 60	   100
  38.5827457750  119.0665364120   2006	1	 01	 00	 00	 00	 60	   100
  38.5782427100  119.0664073260   2006	1	 01	 00	 00	 00	 60	   100
  38.5737396410  119.0662782700   2006	1	 01	 00	 00	 00	 60	   100
  38.5692365680  119.0661492420   2006	1	 01	 00	 00	 00	 60	   100
  38.5647334910  119.0660202430   2006	1	 01	 00	 00	 00	 60	   100
  38.5602304100  119.0658912730   2006	1	 01	 00	 00	 00	 60	   100
  38.5557273260  119.0657623320   2006	1	 01	 00	 00	 00	 60	   100
  38.5512242380  119.0656334190   2006	1	 01	 00	 00	 00	 60	   100
  38.5467211460  119.0655045350   2006	1	 01	 00	 00	 00	 60	   100
  38.5422180500  119.0653756810   2006	1	 01	 00	 00	 00	 60	   100
  38.5377149500  119.0652468540   2006	1	 01	 00	 00	 00	 60	   100
  38.5332118460  119.0651180570   2006	1	 01	 00	 00	 00	 60	   100
  38.5287087390  119.0649892880   2006	1	 01	 00	 00	 00	 60	   100
  38.5242056280  119.0648605490   2006	1	 01	 00	 00	 00	 60	   100
  38.5197025130  119.0647318380   2006	1	 01	 00	 00	 00	 60	   100
  38.5151993940  119.0646031550   2006	1	 01	 00	 00	 00	 60	   100
  38.5106962710  119.0644745020   2006	1	 01	 00	 00	 00	 60	   100
  38.5061931440  119.0643458770   2006	1	 01	 00	 00	 00	 60	   100
  38.5016900140  119.0642172810   2006	1	 01	 00	 00	 00	 60	   100
  38.4971868800  119.0640887130   2006	1	 01	 00	 00	 00	 60	   100
  38.4926837410  119.0639601740   2006	1	 01	 00	 00	 00	 60	   100
  38.4881805990  119.0638316640   2006	1	 01	 00	 00	 00	 60	   100
  38.4836774540  119.0637031830   2006	1	 01	 00	 00	 00	 60	   100
  38.4791743040  119.0635747300   2006	1	 01	 00	 00	 00	 60	   100
  38.4746711510  119.0634463060   2006	1	 01	 00	 00	 00	 60	   100
  38.4701679930  119.0633179110   2006	1	 01	 00	 00	 00	 60	   100
  38.4656648320  119.0631895450   2006	1	 01	 00	 00	 00	 60	   100
  38.4611616670  119.0630612070   2006	1	 01	 00	 00	 00	 60	   100
  38.4566584980  119.0629328970   2006	1	 01	 00	 00	 00	 60	   100
  38.4521553260  119.0628046170   2006	1	 01	 00	 00	 00	 60	   100
  38.4476521490  119.0626763650   2006	1	 01	 00	 00	 00	 60	   100
  38.4431489690  119.0625481410   2006	1	 01	 00	 00	 00	 60	   100
  38.4386457850  119.0624199470   2006	1	 01	 00	 00	 00	 60	   100
  38.4341425970  119.0622917800   2006	1	 01	 00	 00	 00	 60	   100
  38.4296394050  119.0621636430   2006	1	 01	 00	 00	 00	 60	   100
  38.4251362100  119.0620355340   2006	1	 01	 00	 00	 00	 60	   100
  38.4206330100  119.0619074540   2006	1	 01	 00	 00	 00	 60	   100
  38.4161298070  119.0617794020   2006	1	 01	 00	 00	 00	 60	   100
  38.4116266000  119.0616513790   2006	1	 01	 00	 00	 00	 60	   100
  38.4071233890  119.0615233840   2006	1	 01	 00	 00	 00	 60	   100
  38.4026201740  119.0613954180   2006	1	 01	 00	 00	 00	 60	   100
  38.3981169550  119.0612674810   2006	1	 01	 00	 00	 00	 60	   100
  38.3936137330  119.0611395720   2006	1	 01	 00	 00	 00	 60	   100
  38.3891105070  119.0610116920   2006	1	 01	 00	 00	 00	 60	   100
  38.3846072770  119.0608838400   2006	1	 01	 00	 00	 00	 60	   100
  38.3801040430  119.0607560170   2006	1	 01	 00	 00	 00	 60	   100
  38.3756008050  119.0606282220   2006	1	 01	 00	 00	 00	 60	   100
  38.3710975630  119.0605004560   2006	1	 01	 00	 00	 00	 60	   100
  38.3665943180  119.0603727180   2006	1	 01	 00	 00	 00	 60	   100
  38.3620910690  119.0602450090   2006	1	 01	 00	 00	 00	 60	   100
  38.3575878160  119.0601173280   2006	1	 01	 00	 00	 00	 60	   100
  38.3530845590  119.0599896760   2006	1	 01	 00	 00	 00	 60	   100
  38.3485812980  119.0598620520   2006	1	 01	 00	 00	 00	 60	   100
  38.3440780340  119.0597344570   2006	1	 01	 00	 00	 00	 60	   100
  38.3395747650  119.0596068900   2006	1	 01	 00	 00	 00	 60	   100
  38.3350714930  119.0594793520   2006	1	 01	 00	 00	 00	 60	   100
  38.3305682170  119.0593518420   2006	1	 01	 00	 00	 00	 60	   100
  38.3260649370  119.0592243610   2006	1	 01	 00	 00	 00	 60	   100
  38.3215616530  119.0590969080   2006	1	 01	 00	 00	 00	 60	   100
  38.3170583660  119.0589694840   2006	1	 01	 00	 00	 00	 60	   100
  38.3125550750  119.0588420880   2006	1	 01	 00	 00	 00	 60	   100
  38.3080517790  119.0587147200   2006	1	 01	 00	 00	 00	 60	   100
  38.3035484800  119.0585873810   2006	1	 01	 00	 00	 00	 60	   100
  38.2990451780  119.0584600700   2006	1	 01	 00	 00	 00	 60	   100
  38.2945418710  119.0583327880   2006	1	 01	 00	 00	 00	 60	   100
  38.2900385600  119.0582055340   2006	1	 01	 00	 00	 00	 60	   100
  38.2855352460  119.0580783080   2006	1	 01	 00	 00	 00	 60	   100
  38.2810319280  119.0579511110   2006	1	 01	 00	 00	 00	 60	   100
  38.2765286060  119.0578239420   2006	1	 01	 00	 00	 00	 60	   100
  38.2720252800  119.0576968020   2006	1	 01	 00	 00	 00	 60	   100
  38.2675219510  119.0575696900   2006	1	 01	 00	 00	 00	 60	   100
  38.2630186170  119.0574426060   2006	1	 01	 00	 00	 00	 60	   100
  38.2585152800  119.0573155510   2006	1	 01	 00	 00	 00	 60	   100
  38.2540119390  119.0571885240   2006	1	 01	 00	 00	 00	 60	   100
  38.2495085940  119.0570615250   2006	1	 01	 00	 00	 00	 60	   100
  38.2450052460  119.0569345550   2006	1	 01	 00	 00	 00	 60	   100
  38.2405018930  119.0568076130   2006	1	 01	 00	 00	 00	 60	   100
  38.2359985370  119.0566806990   2006	1	 01	 00	 00	 00	 60	   100
  38.2314951770  119.0565538140   2006	1	 01	 00	 00	 00	 60	   100
  38.2269918130  119.0564269570   2006	1	 01	 00	 00	 00	 60	   100
  38.2224884450  119.0563001280   2006	1	 01	 00	 00	 00	 60	   100
  38.2179850730  119.0561733270   2006	1	 01	 00	 00	 00	 60	   100
  38.2134816980  119.0560465550   2006	1	 01	 00	 00	 00	 60	   100
  38.2089783180  119.0559198110   2006	1	 01	 00	 00	 00	 60	   100
  38.2044749350  119.0557930960   2006	1	 01	 00	 00	 00	 60	   100
  38.1999715480  119.0556664080   2006	1	 01	 00	 00	 00	 60	   100
  38.1954681580  119.0555397490   2006	1	 01	 00	 00	 00	 60	   100
  38.1909647630  119.0554131180   2006	1	 01	 00	 00	 00	 60	   100
  38.1864613650  119.0552865160   2006	1	 01	 00	 00	 00	 60	   100
  38.1819579630  119.0551599410   2006	1	 01	 00	 00	 00	 60	   100
  38.1774545570  119.0550333950   2006	1	 01	 00	 00	 00	 60	   100
  38.1729511470  119.0549068770   2006	1	 01	 00	 00	 00	 60	   100
  38.1684477330  119.0547803870   2006	1	 01	 00	 00	 00	 60	   100
  38.1639443160  119.0546539260   2006	1	 01	 00	 00	 00	 60	   100
  38.1594408940  119.0545274930   2006	1	 01	 00	 00	 00	 60	   100
  38.1549374690  119.0544010870   2006	1	 01	 00	 00	 00	 60	   100
  38.1504340400  119.0542747100   2006	1	 01	 00	 00	 00	 60	   100
  38.1459306080  119.0541483620   2006	1	 01	 00	 00	 00	 60	   100
  38.1414271710  119.0540220410   2006	1	 01	 00	 00	 00	 60	   100
  38.1369237310  119.0538957490   2006	1	 01	 00	 00	 00	 60	   100
  38.1324202870  119.0537694850   2006	1	 01	 00	 00	 00	 60	   100
  38.1279168390  119.0536432480   2006	1	 01	 00	 00	 00	 60	   100
  38.1234133870  119.0535170410   2006	1	 01	 00	 00	 00	 60	   100
  38.1189099310  119.0533908610   2006	1	 01	 00	 00	 00	 60	   100
  38.1144064720  119.0532647090   2006	1	 01	 00	 00	 00	 60	   100
  38.1099030080  119.0531385860   2006	1	 01	 00	 00	 00	 60	   100
  38.1053995410  119.0530124900   2006	1	 01	 00	 00	 00	 60	   100
  38.1008960700  119.0528864230   2006	1	 01	 00	 00	 00	 60	   100
  38.0963925960  119.0527603840   2006	1	 01	 00	 00	 00	 60	   100
  38.0918891170  119.0526343730   2006	1	 01	 00	 00	 00	 60	   100
  38.0873856350  119.0525083900   2006	1	 01	 00	 00	 00	 60	   100
  38.0828821490  119.0523824350   2006	1	 01	 00	 00	 00	 60	   100
  38.0783786590  119.0522565080   2006	1	 01	 00	 00	 00	 60	   100
  38.0738751650  119.0521306090   2006	1	 01	 00	 00	 00	 60	   100
  38.0693716670  119.0520047390   2006	1	 01	 00	 00	 00	 60	   100
  38.0648681660  119.0518788960   2006	1	 01	 00	 00	 00	 60	   100
  38.0603646610  119.0517530810   2006	1	 01	 00	 00	 00	 60	   100
  38.0558611520  119.0516272950   2006	1	 01	 00	 00	 00	 60	   100
  38.0513576390  119.0515015360   2006	1	 01	 00	 00	 00	 60	   100
  38.0468541220  119.0513758060   2006	1	 01	 00	 00	 00	 60	   100
  38.0423506020  119.0512501040   2006	1	 01	 00	 00	 00	 60	   100
  38.0378470770  119.0511244290   2006	1	 01	 00	 00	 00	 60	   100
  38.0333435490  119.0509987830   2006	1	 01	 00	 00	 00	 60	   100
  38.0288400170  119.0508731650   2006	1	 01	 00	 00	 00	 60	   100
  38.0243364820  119.0507475740   2006	1	 01	 00	 00	 00	 60	   100
  38.0198329420  119.0506220120   2006	1	 01	 00	 00	 00	 60	   100
  38.0153293990  119.0504964780   2006	1	 01	 00	 00	 00	 60	   100
  38.0108258520  119.0503709710   2006	1	 01	 00	 00	 00	 60	   100
  38.0063223010  119.0502454930   2006	1	 01	 00	 00	 00	 60	   100
  38.0018187460  119.0501200420   2006	1	 01	 00	 00	 00	 60	   100
  37.9999577230  119.0534846330   2006	1	 01	 00	 00	 00	 60	   100
  37.9998581710  119.0591758840   2006	1	 01	 00	 00	 00	 60	   100
  37.9997583430  119.0648671060   2006	1	 01	 00	 00	 00	 60	   100
  37.9996582400  119.0705583000   2006	1	 01	 00	 00	 00	 60	   100
  37.9995578610  119.0762494650   2006	1	 01	 00	 00	 00	 60	   100
  37.9994572080  119.0819406030   2006	1	 01	 00	 00	 00	 60	   100
  37.9993562790  119.0876317110   2006	1	 01	 00	 00	 00	 60	   100
  37.9992550750  119.0933227920   2006	1	 01	 00	 00	 00	 60	   100
  37.9991535960  119.0990138440   2006	1	 01	 00	 00	 00	 60	   100
  37.9990518420  119.1047048670   2006	1	 01	 00	 00	 00	 60	   100
  37.9989498130  119.1103958620   2006	1	 01	 00	 00	 00	 60	   100
  37.9988475080  119.1160868280   2006	1	 01	 00	 00	 00	 60	   100
  37.9987449280  119.1217777650   2006	1	 01	 00	 00	 00	 60	   100
  37.9986420740  119.1274686730   2006	1	 01	 00	 00	 00	 60	   100
  37.9985389440  119.1331595520   2006	1	 01	 00	 00	 00	 60	   100
  37.9984355390  119.1388504020   2006	1	 01	 00	 00	 00	 60	   100
  37.9983318590  119.1445412220   2006	1	 01	 00	 00	 00	 60	   100
  37.9982279030  119.1502320140   2006	1	 01	 00	 00	 00	 60	   100
  37.9981236730  119.1559227760   2006	1	 01	 00	 00	 00	 60	   100
  37.9980191670  119.1616135090   2006	1	 01	 00	 00	 00	 60	   100
  37.9979143870  119.1673042120   2006	1	 01	 00	 00	 00	 60	   100
  37.9978093310  119.1729948860   2006	1	 01	 00	 00	 00	 60	   100
  37.9977040000  119.1786855300   2006	1	 01	 00	 00	 00	 60	   100
  37.9975983940  119.1843761450   2006	1	 01	 00	 00	 00	 60	   100
  37.9974925130  119.1900667290   2006	1	 01	 00	 00	 00	 60	   100
  37.9973863570  119.1957572840   2006	1	 01	 00	 00	 00	 60	   100
  37.9972799250  119.2014478090   2006	1	 01	 00	 00	 00	 60	   100
  37.9971732190  119.2071383040   2006	1	 01	 00	 00	 00	 60	   100
  37.9970662380  119.2128287680   2006	1	 01	 00	 00	 00	 60	   100
  37.9969589810  119.2185192030   2006	1	 01	 00	 00	 00	 60	   100
  37.9968514500  119.2242096070   2006	1	 01	 00	 00	 00	 60	   100
  37.9967436430  119.2298999810   2006	1	 01	 00	 00	 00	 60	   100
  37.9966355610  119.2355903250   2006	1	 01	 00	 00	 00	 60	   100
  37.9965272040  119.2412806380   2006	1	 01	 00	 00	 00	 60	   100
  37.9964185730  119.2469709210   2006	1	 01	 00	 00	 00	 60	   100
  37.9963096660  119.2526611730   2006	1	 01	 00	 00	 00	 60	   100
  37.9962004840  119.2583513940   2006	1	 01	 00	 00	 00	 60	   100
  37.9960910270  119.2640415840   2006	1	 01	 00	 00	 00	 60	   100
  37.9959812950  119.2697317440   2006	1	 01	 00	 00	 00	 60	   100
  37.9958712880  119.2754218720   2006	1	 01	 00	 00	 00	 60	   100
  37.9957610060  119.2811119700   2006	1	 01	 00	 00	 00	 60	   100
  37.9956504490  119.2868020360   2006	1	 01	 00	 00	 00	 60	   100
  37.9955396170  119.2924920720   2006	1	 01	 00	 00	 00	 60	   100
  37.9954285100  119.2981820760   2006	1	 01	 00	 00	 00	 60	   100
  37.9953171280  119.3038720480   2006	1	 01	 00	 00	 00	 60	   100
  37.9952054710  119.3095619900   2006	1	 01	 00	 00	 00	 60	   100
  37.9950935390  119.3152519000   2006	1	 01	 00	 00	 00	 60	   100
  37.9949813320  119.3209417780   2006	1	 01	 00	 00	 00	 60	   100
  37.9948688500  119.3266316250   2006	1	 01	 00	 00	 00	 60	   100
  37.9947560930  119.3323214390   2006	1	 01	 00	 00	 00	 60	   100
  37.9946430610  119.3380112230   2006	1	 01	 00	 00	 00	 60	   100
  37.9945297540  119.3437009740   2006	1	 01	 00	 00	 00	 60	   100
  37.9944161720  119.3493906930   2006	1	 01	 00	 00	 00	 60	   100
  37.9943023150  119.3550803800   2006	1	 01	 00	 00	 00	 60	   100
  37.9941881830  119.3607700360   2006	1	 01	 00	 00	 00	 60	   100
  37.9940737760  119.3664596590   2006	1	 01	 00	 00	 00	 60	   100
  37.9939590940  119.3721492490   2006	1	 01	 00	 00	 00	 60	   100
  37.9938441380  119.3778388080   2006	1	 01	 00	 00	 00	 60	   100
  37.9937289060  119.3835283340   2006	1	 01	 00	 00	 00	 60	   100
  37.9936133990  119.3892178270   2006	1	 01	 00	 00	 00	 60	   100
  37.9934976180  119.3949072880   2006	1	 01	 00	 00	 00	 60	   100
  37.9933815610  119.4005967160   2006	1	 01	 00	 00	 00	 60	   100
  37.9932652300  119.4062861120   2006	1	 01	 00	 00	 00	 60	   100
  37.9931486240  119.4119754750   2006	1	 01	 00	 00	 00	 60	   100
  37.9930317430  119.4176648050   2006	1	 01	 00	 00	 00	 60	   100
  37.9929145870  119.4233541020   2006	1	 01	 00	 00	 00	 60	   100
  37.9927971560  119.4290433660   2006	1	 01	 00	 00	 00	 60	   100
  37.9926794500  119.4347325960   2006	1	 01	 00	 00	 00	 60	   100
  37.9925614690  119.4404217940   2006	1	 01	 00	 00	 00	 60	   100
  37.9924432130  119.4461109580   2006	1	 01	 00	 00	 00	 60	   100
  37.9923246830  119.4518000890   2006	1	 01	 00	 00	 00	 60	   100
  37.9922058770  119.4574891870   2006	1	 01	 00	 00	 00	 60	   100
  37.9920867970  119.4631782510   2006	1	 01	 00	 00	 00	 60	   100
  37.9919674420  119.4688672820   2006	1	 01	 00	 00	 00	 60	   100
  37.9918478120  119.4745562790   2006	1	 01	 00	 00	 00	 60	   100
  37.9917279070  119.4802452420   2006	1	 01	 00	 00	 00	 60	   100
  37.9916077270  119.4859341710   2006	1	 01	 00	 00	 00	 60	   100
  37.9914872730  119.4916230670   2006	1	 01	 00	 00	 00	 60	   100
  37.9913665430  119.4973119280   2006	1	 01	 00	 00	 00	 60	   100
  37.9912455390  119.5030007560   2006	1	 01	 00	 00	 00	 60	   100
  37.9911242600  119.5086895490   2006	1	 01	 00	 00	 00	 60	   100
  37.9910027060  119.5143783080   2006	1	 01	 00	 00	 00	 60	   100
  37.9908808770  119.5200670330   2006	1	 01	 00	 00	 00	 60	   100
  37.9907587740  119.5257557240   2006	1	 01	 00	 00	 00	 60	   100
  37.9906363950  119.5314443800   2006	1	 01	 00	 00	 00	 60	   100
  37.9905137420  119.5371330020   2006	1	 01	 00	 00	 00	 60	   100
  37.9903908140  119.5428215890   2006	1	 01	 00	 00	 00	 60	   100
  37.9902676120  119.5485101410   2006	1	 01	 00	 00	 00	 60	   100
  37.9901441340  119.5541986590   2006	1	 01	 00	 00	 00	 60	   100
  37.9900203820  119.5598871420   2006	1	 01	 00	 00	 00	 60	   100
  37.9898963550  119.5655755900   2006	1	 01	 00	 00	 00	 60	   100
  37.9897720530  119.5712640030   2006	1	 01	 00	 00	 00	 60	   100
  37.9896474760  119.5769523810   2006	1	 01	 00	 00	 00	 60	   100
  37.9895226250  119.5826407240   2006	1	 01	 00	 00	 00	 60	   100
  37.9893974980  119.5883290320   2006	1	 01	 00	 00	 00	 60	   100
  37.9892720980  119.5940173040   2006	1	 01	 00	 00	 00	 60	   100
  37.9891464220  119.5997055410   2006	1	 01	 00	 00	 00	 60	   100
  37.9890204710  119.6053937430   2006	1	 01	 00	 00	 00	 60	   100
  37.9888942460  119.6110819090   2006	1	 01	 00	 00	 00	 60	   100
  37.9887677460  119.6167700400   2006	1	 01	 00	 00	 00	 60	   100
  37.9886409720  119.6224581350   2006	1	 01	 00	 00	 00	 60	   100
  37.9885139220  119.6281461940   2006	1	 01	 00	 00	 00	 60	   100
  37.9883865980  119.6338342180   2006	1	 01	 00	 00	 00	 60	   100
  37.9882590000  119.6395222050   2006	1	 01	 00	 00	 00	 60	   100
  37.9881311260  119.6452101570   2006	1	 01	 00	 00	 00	 60	   100
  37.9880029780  119.6508980720   2006	1	 01	 00	 00	 00	 60	   100
  37.9878745550  119.6565859520   2006	1	 01	 00	 00	 00	 60	   100
  37.9877458570  119.6622737950   2006	1	 01	 00	 00	 00	 60	   100
  37.9876168850  119.6679616020   2006	1	 01	 00	 00	 00	 60	   100
  37.9874876380  119.6736493730   2006	1	 01	 00	 00	 00	 60	   100
  37.9873581170  119.6793371070   2006	1	 01	 00	 00	 00	 60	   100
  37.9872283200  119.6850248050   2006	1	 01	 00	 00	 00	 60	   100
  37.9870982490  119.6907124660   2006	1	 01	 00	 00	 00	 60	   100
  37.9869679040  119.6964000900   2006	1	 01	 00	 00	 00	 60	   100
  37.9868372840  119.7020876780   2006	1	 01	 00	 00	 00	 60	   100
  37.9867063890  119.7077752290   2006	1	 01	 00	 00	 00	 60	   100
  37.9865752190  119.7134627430   2006	1	 01	 00	 00	 00	 60	   100
  37.9864437750  119.7191502200   2006	1	 01	 00	 00	 00	 60	   100
  37.9863120560  119.7248376600   2006	1	 01	 00	 00	 00	 60	   100
  37.9861800630  119.7305250630   2006	1	 01	 00	 00	 00	 60	   100
  37.9860477950  119.7362124290   2006	1	 01	 00	 00	 00	 60	   100
  37.9859152520  119.7418997570   2006	1	 01	 00	 00	 00	 60	   100
  37.9857824350  119.7475870490   2006	1	 01	 00	 00	 00	 60	   100
  37.9856493430  119.7532743020   2006	1	 01	 00	 00	 00	 60	   100
  37.9855159760  119.7589615180   2006	1	 01	 00	 00	 00	 60	   100
  37.9853823350  119.7646486970   2006	1	 01	 00	 00	 00	 60	   100
  37.9852484200  119.7703358380   2006	1	 01	 00	 00	 00	 60	   100
  37.9851142290  119.7760229410   2006	1	 01	 00	 00	 00	 60	   100
  37.9849797650  119.7817100070   2006	1	 01	 00	 00	 00	 60	   100
  37.9848450250  119.7873970340   2006	1	 01	 00	 00	 00	 60	   100
  37.9847100110  119.7930840240   2006	1	 01	 00	 00	 00	 60	   100
  37.9845747230  119.7987709750   2006	1	 01	 00	 00	 00	 60	   100
  37.9844391600  119.8044578890   2006	1	 01	 00	 00	 00	 60	   100
  37.9843033220  119.8101447640   2006	1	 01	 00	 00	 00	 60	   100
  37.9841672100  119.8158316010   2006	1	 01	 00	 00	 00	 60	   100
  37.9840308230  119.8215183990   2006	1	 01	 00	 00	 00	 60	   100
  37.9838941620  119.8272051600   2006	1	 01	 00	 00	 00	 60	   100
  37.9837572260  119.8328918810   2006	1	 01	 00	 00	 00	 60	   100
  37.9836200160  119.8385785640   2006	1	 01	 00	 00	 00	 60	   100
  37.9834825310  119.8442652090   2006	1	 01	 00	 00	 00	 60	   100
  37.9833447720  119.8499518140   2006	1	 01	 00	 00	 00	 60	   100
  37.9832067380  119.8556383810   2006	1	 01	 00	 00	 00	 60	   100
  37.9830684300  119.8613249090   2006	1	 01	 00	 00	 00	 60	   100
  37.9829298470  119.8670113980   2006	1	 01	 00	 00	 00	 60	   100
  37.9827909900  119.8726978480   2006	1	 01	 00	 00	 00	 60	   100
  37.9826518580  119.8783842590   2006	1	 01	 00	 00	 00	 60	   100
  37.9825124520  119.8840706310   2006	1	 01	 00	 00	 00	 60	   100
  37.9823727710  119.8897569630   2006	1	 01	 00	 00	 00	 60	   100
  37.9822328160  119.8954432560   2006	1	 01	 00	 00	 00	 60	   100
  37.9820925870  119.9011295100   2006	1	 01	 00	 00	 00	 60	   100
  37.9819520830  119.9068157240   2006	1	 01	 00	 00	 00	 60	   100
  37.9818113040  119.9125018980   2006	1	 01	 00	 00	 00	 60	   100
  37.9816702510  119.9181880330   2006	1	 01	 00	 00	 00	 60	   100
  37.9815289240  119.9238741280   2006	1	 01	 00	 00	 00	 60	   100
  37.9813873220  119.9295601840   2006	1	 01	 00	 00	 00	 60	   100
  37.9812454460  119.9352461990   2006	1	 01	 00	 00	 00	 60	   100
  37.9811032950  119.9409321740   2006	1	 01	 00	 00	 00	 60	   100
  37.9809608700  119.9466181100   2006	1	 01	 00	 00	 00	 60	   100
  37.9808181710  119.9523040050   2006	1	 01	 00	 00	 00	 60	   100
  37.9806751970  119.9579898600   2006	1	 01	 00	 00	 00	 60	   100
  37.9805319490  119.9636756750   2006	1	 01	 00	 00	 00	 60	   100
  37.9803884260  119.9693614500   2006	1	 01	 00	 00	 00	 60	   100
  37.9802446290  119.9750471840   2006	1	 01	 00	 00	 00	 60	   100
  37.9801005580  119.9807328770   2006	1	 01	 00	 00	 00	 60	   100
  37.9799562120  119.9864185300   2006	1	 01	 00	 00	 00	 60	   100
  37.9798115920  119.9921041420   2006	1	 01	 00	 00	 00	 60	   100
  37.9796666980  119.9977897140   2006	1	 01	 00	 00	 00	 60	   100
  37.9795215290  120.0034752450   2006	1	 01	 00	 00	 00	 60	   100
  37.9793760860  120.0091607350   2006	1	 01	 00	 00	 00	 60	   100
  37.9792303690  120.0148461830   2006	1	 01	 00	 00	 00	 60	   100
  37.9790843770  120.0205315910   2006	1	 01	 00	 00	 00	 60	   100
  37.9789381110  120.0262169580   2006	1	 01	 00	 00	 00	 60	   100
  37.9787915700  120.0319022840   2006	1	 01	 00	 00	 00	 60	   100
  37.9786447550  120.0375875680   2006	1	 01	 00	 00	 00	 60	   100
  37.9784976660  120.0432728110   2006	1	 01	 00	 00	 00	 60	   100
  37.9783503030  120.0489580120   2006	1	 01	 00	 00	 00	 60	   100
  37.9782026650  120.0546431720   2006	1	 01	 00	 00	 00	 60	   100
  37.9780547540  120.0603282910   2006	1	 01	 00	 00	 00	 60	   100
  37.9779065670  120.0660133670   2006	1	 01	 00	 00	 00	 60	   100
  37.9777581070  120.0716984020   2006	1	 01	 00	 00	 00	 60	   100
  37.9776093720  120.0773833960   2006	1	 01	 00	 00	 00	 60	   100
  37.9774603630  120.0830683470   2006	1	 01	 00	 00	 00	 60	   100
  37.9773110800  120.0887532560   2006	1	 01	 00	 00	 00	 60	   100
  37.9771615220  120.0944381240   2006	1	 01	 00	 00	 00	 60	   100
  37.9770116910  120.1001229490   2006	1	 01	 00	 00	 00	 60	   100
  37.9768615850  120.1058077320   2006	1	 01	 00	 00	 00	 60	   100
  37.9767112040  120.1114924720   2006	1	 01	 00	 00	 00	 60	   100
  37.9765605500  120.1171771710   2006	1	 01	 00	 00	 00	 60	   100
  37.9764096210  120.1228618270   2006	1	 01	 00	 00	 00	 60	   100
  37.9762584180  120.1285464400   2006	1	 01	 00	 00	 00	 60	   100
  37.9761069410  120.1342310110   2006	1	 01	 00	 00	 00	 60	   100
  37.9759551900  120.1399155390   2006	1	 01	 00	 00	 00	 60	   100
  37.9758031640  120.1456000250   2006	1	 01	 00	 00	 00	 60	   100
  37.9756508650  120.1512844670   2006	1	 01	 00	 00	 00	 60	   100
  37.9754982910  120.1569688670   2006	1	 01	 00	 00	 00	 60	   100
  37.9753454430  120.1626532240   2006	1	 01	 00	 00	 00	 60	   100
  37.9751923210  120.1683375380   2006	1	 01	 00	 00	 00	 60	   100
  37.9750389240  120.1740218080   2006	1	 01	 00	 00	 00	 60	   100
  37.9748852540  120.1797060360   2006	1	 01	 00	 00	 00	 60	   100
  37.9747313090  120.1853902200   2006	1	 01	 00	 00	 00	 60	   100
  37.9745770900  120.1910743610   2006	1	 01	 00	 00	 00	 60	   100
  37.9744225970  120.1967584580   2006	1	 01	 00	 00	 00	 60	   100
  37.9742678300  120.2024425120   2006	1	 01	 00	 00	 00	 60	   100
  37.9741127890  120.2081265230   2006	1	 01	 00	 00	 00	 60	   100
  37.9739574740  120.2138104890   2006	1	 01	 00	 00	 00	 60	   100
  37.9738018840  120.2194944120   2006	1	 01	 00	 00	 00	 60	   100
  37.9736460210  120.2251782910   2006	1	 01	 00	 00	 00	 60	   100
  37.9734898830  120.2308621270   2006	1	 01	 00	 00	 00	 60	   100
  37.9733334710  120.2365459180   2006	1	 01	 00	 00	 00	 60	   100
  37.9731767860  120.2422296650   2006	1	 01	 00	 00	 00	 60	   100
  37.9730198260  120.2479133680   2006	1	 01	 00	 00	 00	 60	   100
  37.9728625920  120.2535970270   2006	1	 01	 00	 00	 00	 60	   100
  37.9727050840  120.2592806420   2006	1	 01	 00	 00	 00	 60	   100
  37.9725473020  120.2649642120   2006	1	 01	 00	 00	 00	 60	   100
  37.9723892460  120.2706477380   2006	1	 01	 00	 00	 00	 60	   100
  37.9722309150  120.2763312200   2006	1	 01	 00	 00	 00	 60	   100
  37.9720723110  120.2820146570   2006	1	 01	 00	 00	 00	 60	   100
  37.9719134330  120.2876980490   2006	1	 01	 00	 00	 00	 60	   100
  37.9717542810  120.2933813960   2006	1	 01	 00	 00	 00	 60	   100
  37.9715948540  120.2990646990   2006	1	 01	 00	 00	 00	 60	   100
  37.9714351540  120.3047479570   2006	1	 01	 00	 00	 00	 60	   100
  37.9712751800  120.3104311700   2006	1	 01	 00	 00	 00	 60	   100
  37.9711149310  120.3161143370   2006	1	 01	 00	 00	 00	 60	   100
  37.9709544090  120.3217974600   2006	1	 01	 00	 00	 00	 60	   100
  37.9707936130  120.3274805370   2006	1	 01	 00	 00	 00	 60	   100
  37.9706325430  120.3331635700   2006	1	 01	 00	 00	 00	 60	   100
  37.9704711980  120.3388465570   2006	1	 01	 00	 00	 00	 60	   100
  37.9703095800  120.3445294980   2006	1	 01	 00	 00	 00	 60	   100
  37.9701476880  120.3502123940   2006	1	 01	 00	 00	 00	 60	   100
  37.9699855220  120.3558952440   2006	1	 01	 00	 00	 00	 60	   100
  37.9698230820  120.3615780490   2006	1	 01	 00	 00	 00	 60	   100
  37.9696603680  120.3672608080   2006	1	 01	 00	 00	 00	 60	   100
  37.9694973800  120.3729435210   2006	1	 01	 00	 00	 00	 60	   100
  37.9693341180  120.3786261890   2006	1	 01	 00	 00	 00	 60	   100
  37.9691705820  120.3843088100   2006	1	 01	 00	 00	 00	 60	   100
  37.9690067730  120.3899913850   2006	1	 01	 00	 00	 00	 60	   100
  37.9688426890  120.3956739150   2006	1	 01	 00	 00	 00	 60	   100
  37.9686783310  120.4013563980   2006	1	 01	 00	 00	 00	 60	   100
  37.9685137000  120.4070388350   2006	1	 01	 00	 00	 00	 60	   100
  37.9683487950  120.4127212250   2006	1	 01	 00	 00	 00	 60	   100
  37.9681836160  120.4184035690   2006	1	 01	 00	 00	 00	 60	   100
  37.9680181630  120.4240858670   2006	1	 01	 00	 00	 00	 60	   100
  37.9678524360  120.4297681180   2006	1	 01	 00	 00	 00	 60	   100
  37.9676864350  120.4354503220   2006	1	 01	 00	 00	 00	 60	   100
  37.9675201610  120.4411324800   2006	1	 01	 00	 00	 00	 60	   100
  37.9673536120  120.4468145900   2006	1	 01	 00	 00	 00	 60	   100
  37.9671867900  120.4524966540   2006	1	 01	 00	 00	 00	 60	   100
  37.9670196940  120.4581786710   2006	1	 01	 00	 00	 00	 60	   100
  37.9668523240  120.4638606410   2006	1	 01	 00	 00	 00	 60	   100
  37.9666846800  120.4695425640   2006	1	 01	 00	 00	 00	 60	   100
  37.9665167630  120.4752244400   2006	1	 01	 00	 00	 00	 60	   100
  37.9663485710  120.4809062680   2006	1	 01	 00	 00	 00	 60	   100
  37.9661801060  120.4865880490   2006	1	 01	 00	 00	 00	 60	   100
  37.9660113670  120.4922697830   2006	1	 01	 00	 00	 00	 60	   100
  37.9658423540  120.4979514690   2006	1	 01	 00	 00	 00	 60	   100
  37.9656730680  120.5036331080   2006	1	 01	 00	 00	 00	 60	   100
  37.9655035080  120.5093146990   2006	1	 01	 00	 00	 00	 60	   100
  37.9653336740  120.5149962420   2006	1	 01	 00	 00	 00	 60	   100
  37.9651635660  120.5206777380   2006	1	 01	 00	 00	 00	 60	   100
  37.9649931850  120.5263591850   2006	1	 01	 00	 00	 00	 60	   100
  37.9648225290  120.5320405850   2006	1	 01	 00	 00	 00	 60	   100
  37.9646516000  120.5377219360   2006	1	 01	 00	 00	 00	 60	   100
  37.9644803980  120.5434032400   2006	1	 01	 00	 00	 00	 60	   100
  37.9643089210  120.5490844950   2006	1	 01	 00	 00	 00	 60	   100
  37.9641371710  120.5547657020   2006	1	 01	 00	 00	 00	 60	   100
  37.9639651470  120.5604468610   2006	1	 01	 00	 00	 00	 60	   100
  37.9637928500  120.5661279720   2006	1	 01	 00	 00	 00	 60	   100
  37.9636202790  120.5718090330   2006	1	 01	 00	 00	 00	 60	   100
  37.9634474340  120.5774900470   2006	1	 01	 00	 00	 00	 60	   100
  37.9632743150  120.5831710110   2006	1	 01	 00	 00	 00	 60	   100
  37.9631009230  120.5888519270   2006	1	 01	 00	 00	 00	 60	   100
  37.9629272570  120.5945327950   2006	1	 01	 00	 00	 00	 60	   100
  37.9655562610  120.5969369360   2006	1	 01	 00	 00	 00	 60	   100
  37.9700538340  120.5971566560   2006	1	 01	 00	 00	 00	 60	   100
  37.9745514040  120.5973764240   2006	1	 01	 00	 00	 00	 60	   100
  37.9790489680  120.5975962420   2006	1	 01	 00	 00	 00	 60	   100
  37.9835465290  120.5978161080   2006	1	 01	 00	 00	 00	 60	   100
  37.9880440840  120.5980360230   2006	1	 01	 00	 00	 00	 60	   100
  37.9925416350  120.5982559880   2006	1	 01	 00	 00	 00	 60	   100
  37.9970391820  120.5984760010   2006	1	 01	 00	 00	 00	 60	   100
  38.0015367240  120.5986960630   2006	1	 01	 00	 00	 00	 60	   100
  38.0060342620  120.5989161740   2006	1	 01	 00	 00	 00	 60	   100
  38.0105317950  120.5991363340   2006	1	 01	 00	 00	 00	 60	   100
  38.0150293230  120.5993565440   2006	1	 01	 00	 00	 00	 60	   100
  38.0195268470  120.5995768020   2006	1	 01	 00	 00	 00	 60	   100
  38.0240243660  120.5997971090   2006	1	 01	 00	 00	 00	 60	   100
  38.0285218810  120.6000174660   2006	1	 01	 00	 00	 00	 60	   100
  38.0330193920  120.6002378710   2006	1	 01	 00	 00	 00	 60	   100
  38.0375168970  120.6004583260   2006	1	 01	 00	 00	 00	 60	   100
  38.0420143990  120.6006788290   2006	1	 01	 00	 00	 00	 60	   100
  38.0465118950  120.6008993820   2006	1	 01	 00	 00	 00	 60	   100
  38.0510093880  120.6011199840   2006	1	 01	 00	 00	 00	 60	   100
  38.0555068750  120.6013406350   2006	1	 01	 00	 00	 00	 60	   100
  38.0600043580  120.6015613350   2006	1	 01	 00	 00	 00	 60	   100
  38.0645018370  120.6017820840   2006	1	 01	 00	 00	 00	 60	   100
  38.0689993110  120.6020028820   2006	1	 01	 00	 00	 00	 60	   100
  38.0734967810  120.6022237300   2006	1	 01	 00	 00	 00	 60	   100
  38.0779942450  120.6024446270   2006	1	 01	 00	 00	 00	 60	   100
  38.0824917060  120.6026655730   2006	1	 01	 00	 00	 00	 60	   100
  38.0869891620  120.6028865680   2006	1	 01	 00	 00	 00	 60	   100
  38.0914866130  120.6031076120   2006	1	 01	 00	 00	 00	 60	   100
  38.0959840600  120.6033287060   2006	1	 01	 00	 00	 00	 60	   100
  38.1004815020  120.6035498490   2006	1	 01	 00	 00	 00	 60	   100
  38.1049789400  120.6037710410   2006	1	 01	 00	 00	 00	 60	   100
  38.1094763730  120.6039922820   2006	1	 01	 00	 00	 00	 60	   100
  38.1139738020  120.6042135730   2006	1	 01	 00	 00	 00	 60	   100
  38.1184712260  120.6044349130   2006	1	 01	 00	 00	 00	 60	   100
  38.1229686450  120.6046563020   2006	1	 01	 00	 00	 00	 60	   100
  38.1274660600  120.6048777400   2006	1	 01	 00	 00	 00	 60	   100
  38.1319634710  120.6050992280   2006	1	 01	 00	 00	 00	 60	   100
  38.1364608770  120.6053207650   2006	1	 01	 00	 00	 00	 60	   100
  38.1409582780  120.6055423520   2006	1	 01	 00	 00	 00	 60	   100
  38.1454556750  120.6057639880   2006	1	 01	 00	 00	 00	 60	   100
  38.1499530670  120.6059856730   2006	1	 01	 00	 00	 00	 60	   100
  38.1544504550  120.6062074080   2006	1	 01	 00	 00	 00	 60	   100
  38.1589478380  120.6064291920   2006	1	 01	 00	 00	 00	 60	   100
  38.1634452170  120.6066510250   2006	1	 01	 00	 00	 00	 60	   100
  38.1679425910  120.6068729080   2006	1	 01	 00	 00	 00	 60	   100
  38.1724399600  120.6070948400   2006	1	 01	 00	 00	 00	 60	   100
  38.1769373250  120.6073168220   2006	1	 01	 00	 00	 00	 60	   100
  38.1814346860  120.6075388530   2006	1	 01	 00	 00	 00	 60	   100
  38.1859320420  120.6077609340   2006	1	 01	 00	 00	 00	 60	   100
  38.1904293930  120.6079830640   2006	1	 01	 00	 00	 00	 60	   100
  38.1949267400  120.6082052430   2006	1	 01	 00	 00	 00	 60	   100
  38.1994240820  120.6084274720   2006	1	 01	 00	 00	 00	 60	   100
  38.2039214200  120.6086497510   2006	1	 01	 00	 00	 00	 60	   100
  38.2084187530  120.6088720790   2006	1	 01	 00	 00	 00	 60	   100
  38.2129160810  120.6090944570   2006	1	 01	 00	 00	 00	 60	   100
  38.2174134050  120.6093168840   2006	1	 01	 00	 00	 00	 60	   100
  38.2219107250  120.6095393610   2006	1	 01	 00	 00	 00	 60	   100
  38.2264080400  120.6097618870   2006	1	 01	 00	 00	 00	 60	   100
  38.2309053500  120.6099844630   2006	1	 01	 00	 00	 00	 60	   100
  38.2354026560  120.6102070890   2006	1	 01	 00	 00	 00	 60	   100
  38.2398999570  120.6104297640   2006	1	 01	 00	 00	 00	 60	   100
  38.2443972540  120.6106524880   2006	1	 01	 00	 00	 00	 60	   100
  38.2488945460  120.6108752630   2006	1	 01	 00	 00	 00	 60	   100
  38.2533918340  120.6110980870   2006	1	 01	 00	 00	 00	 60	   100
  38.2578891170  120.6113209610   2006	1	 01	 00	 00	 00	 60	   100
  38.2623863950  120.6115438840   2006	1	 01	 00	 00	 00	 60	   100
  38.2668836690  120.6117668570   2006	1	 01	 00	 00	 00	 60	   100
  38.2713809380  120.6119898800   2006	1	 01	 00	 00	 00	 60	   100
  38.2758782030  120.6122129520   2006	1	 01	 00	 00	 00	 60	   100
  38.2803754630  120.6124360740   2006	1	 01	 00	 00	 00	 60	   100
  38.2848727190  120.6126592460   2006	1	 01	 00	 00	 00	 60	   100
  38.2893699700  120.6128824680   2006	1	 01	 00	 00	 00	 60	   100
  38.2938672170  120.6131057390   2006	1	 01	 00	 00	 00	 60	   100
  38.2983644590  120.6133290600   2006	1	 01	 00	 00	 00	 60	   100
  38.3028616960  120.6135524310   2006	1	 01	 00	 00	 00	 60	   100
  38.3073589290  120.6137758520   2006	1	 01	 00	 00	 00	 60	   100
  38.3118561570  120.6139993220   2006	1	 01	 00	 00	 00	 60	   100
  38.3163533810  120.6142228420   2006	1	 01	 00	 00	 00	 60	   100
  38.3208506000  120.6144464120   2006	1	 01	 00	 00	 00	 60	   100
  38.3253478150  120.6146700320   2006	1	 01	 00	 00	 00	 60	   100
  38.3298450250  120.6148937020   2006	1	 01	 00	 00	 00	 60	   100
  38.3343422310  120.6151174220   2006	1	 01	 00	 00	 00	 60	   100
  38.3388394320  120.6153411910   2006	1	 01	 00	 00	 00	 60	   100
  38.3433366280  120.6155650100   2006	1	 01	 00	 00	 00	 60	   100
  38.3478338200  120.6157888800   2006	1	 01	 00	 00	 00	 60	   100
  38.3523310070  120.6160127990   2006	1	 01	 00	 00	 00	 60	   100
  38.3568281900  120.6162367680   2006	1	 01	 00	 00	 00	 60	   100
  38.3613253680  120.6164607870   2006	1	 01	 00	 00	 00	 60	   100
  38.3658225410  120.6166848560   2006	1	 01	 00	 00	 00	 60	   100
  38.3703197100  120.6169089750   2006	1	 01	 00	 00	 00	 60	   100
  38.3748168750  120.6171331440   2006	1	 01	 00	 00	 00	 60	   100
  38.3793140340  120.6173573630   2006	1	 01	 00	 00	 00	 60	   100
  38.3838111900  120.6175816310   2006	1	 01	 00	 00	 00	 60	   100
  38.3883083400  120.6178059500   2006	1	 01	 00	 00	 00	 60	   100
  38.3928054870  120.6180303190   2006	1	 01	 00	 00	 00	 60	   100
  38.3973026280  120.6182547380   2006	1	 01	 00	 00	 00	 60	   100
  38.4017997650  120.6184792070   2006	1	 01	 00	 00	 00	 60	   100
  38.4062968970  120.6187037260   2006	1	 01	 00	 00	 00	 60	   100
  38.4107940250  120.6189282950   2006	1	 01	 00	 00	 00	 60	   100
  38.4152911490  120.6191529140   2006	1	 01	 00	 00	 00	 60	   100
  38.4197882670  120.6193775830   2006	1	 01	 00	 00	 00	 60	   100
  38.4242853810  120.6196023020   2006	1	 01	 00	 00	 00	 60	   100
  38.4287824910  120.6198270720   2006	1	 01	 00	 00	 00	 60	   100
  38.4332795960  120.6200518910   2006	1	 01	 00	 00	 00	 60	   100
  38.4377766960  120.6202767610   2006	1	 01	 00	 00	 00	 60	   100
  38.4422737920  120.6205016800   2006	1	 01	 00	 00	 00	 60	   100
  38.4467708830  120.6207266500   2006	1	 01	 00	 00	 00	 60	   100
  38.4512679700  120.6209516700   2006	1	 01	 00	 00	 00	 60	   100
  38.4557650520  120.6211767410   2006	1	 01	 00	 00	 00	 60	   100
  38.4602621300  120.6214018610   2006	1	 01	 00	 00	 00	 60	   100
  38.4647592030  120.6216270320   2006	1	 01	 00	 00	 00	 60	   100
  38.4692562710  120.6218522530   2006	1	 01	 00	 00	 00	 60	   100
  38.4737533350  120.6220775240   2006	1	 01	 00	 00	 00	 60	   100
  38.4782503940  120.6223028450   2006	1	 01	 00	 00	 00	 60	   100
  38.4827474490  120.6225282170   2006	1	 01	 00	 00	 00	 60	   100
  38.4872444990  120.6227536390   2006	1	 01	 00	 00	 00	 60	   100
  38.4917415440  120.6229791110   2006	1	 01	 00	 00	 00	 60	   100
  38.4962385850  120.6232046330   2006	1	 01	 00	 00	 00	 60	   100
  38.5007356210  120.6234302060   2006	1	 01	 00	 00	 00	 60	   100
  38.5052326530  120.6236558290   2006	1	 01	 00	 00	 00	 60	   100
  38.5097296800  120.6238815030   2006	1	 01	 00	 00	 00	 60	   100
  38.5142267030  120.6241072260   2006	1	 01	 00	 00	 00	 60	   100
  38.5187237210  120.6243330000   2006	1	 01	 00	 00	 00	 60	   100
  38.5232207340  120.6245588250   2006	1	 01	 00	 00	 00	 60	   100
  38.5277177430  120.6247847000   2006	1	 01	 00	 00	 00	 60	   100
  38.5322147470  120.6250106250   2006	1	 01	 00	 00	 00	 60	   100
  38.5367117470  120.6252366000   2006	1	 01	 00	 00	 00	 60	   100
  38.5412087420  120.6254626260   2006	1	 01	 00	 00	 00	 60	   100
  38.5457057330  120.6256887030   2006	1	 01	 00	 00	 00	 60	   100
  38.5502027180  120.6259148300   2006	1	 01	 00	 00	 00	 60	   100
  38.5546997000  120.6261410070   2006	1	 01	 00	 00	 00	 60	   100
  38.5591966760  120.6263672350   2006	1	 01	 00	 00	 00	 60	   100
  38.5636936490  120.6265935130   2006	1	 01	 00	 00	 00	 60	   100
  38.5681906160  120.6268198420   2006	1	 01	 00	 00	 00	 60	   100
  38.5726875790  120.6270462210   2006	1	 01	 00	 00	 00	 60	   100
  38.5771845380  120.6272726510   2006	1	 01	 00	 00	 00	 60	   100
  38.5816814910  120.6274991310   2006	1	 01	 00	 00	 00	 60	   100
  38.5861784410  120.6277256620   2006	1	 01	 00	 00	 00	 60	   100
  38.5906753850  120.6279522430   2006	1	 01	 00	 00	 00	 60	   100
  38.5951723250  120.6281788750   2006	1	 01	 00	 00	 00	 60	   100
  38.5996692610  120.6284055580   2006	1	 01	 00	 00	 00	 60	   100
  38.6041661910  120.6286322910   2006	1	 01	 00	 00	 00	 60	   100
  38.6086631180  120.6288590740   2006	1	 01	 00	 00	 00	 60	   100
  38.6131600390  120.6290859080   2006	1	 01	 00	 00	 00	 60	   100
  38.6176569560  120.6293127930   2006	1	 01	 00	 00	 00	 60	   100
  38.6221538690  120.6295397290   2006	1	 01	 00	 00	 00	 60	   100
  38.6266507770  120.6297667150   2006	1	 01	 00	 00	 00	 60	   100
  38.6311476800  120.6299937520   2006	1	 01	 00	 00	 00	 60	   100
  38.6356445790  120.6302208390   2006	1	 01	 00	 00	 00	 60	   100
  38.6401414730  120.6304479770   2006	1	 01	 00	 00	 00	 60	   100
  38.6446383620  120.6306751660   2006	1	 01	 00	 00	 00	 60	   100
  38.6491352470  120.6309024060   2006	1	 01	 00	 00	 00	 60	   100
  38.6536321280  120.6311296960   2006	1	 01	 00	 00	 00	 60	   100
  38.6581290030  120.6313570370   2006	1	 01	 00	 00	 00	 60	   100
  38.6626258740  120.6315844290   2006	1	 01	 00	 00	 00	 60	   100
  38.6671227410  120.6318118710   2006	1	 01	 00	 00	 00	 60	   100
  38.6716196030  120.6320393640   2006	1	 01	 00	 00	 00	 60	   100
  38.6761164600  120.6322669080   2006	1	 01	 00	 00	 00	 60	   100
  38.6806133130  120.6324945030   2006	1	 01	 00	 00	 00	 60	   100
  38.6851101610  120.6327221490   2006	1	 01	 00	 00	 00	 60	   100
  38.6896070050  120.6329498450   2006	1	 01	 00	 00	 00	 60	   100
  38.6941038440  120.6331775920   2006	1	 01	 00	 00	 00	 60	   100
  38.6986006780  120.6334053910   2006	1	 01	 00	 00	 00	 60	   100
  38.7030975080  120.6336332390   2006	1	 01	 00	 00	 00	 60	   100
  38.7075943330  120.6338611390   2006	1	 01	 00	 00	 00	 60	   100
  38.7120911530  120.6340890900   2006	1	 01	 00	 00	 00	 60	   100
  38.7165879690  120.6343170910   2006	1	 01	 00	 00	 00	 60	   100
  38.7210847810  120.6345451440   2006	1	 01	 00	 00	 00	 60	   100
  38.7255815870  120.6347732470   2006	1	 01	 00	 00	 00	 60	   100
  38.7300783890  120.6350014020   2006	1	 01	 00	 00	 00	 60	   100
  38.7345751870  120.6352296070   2006	1	 01	 00	 00	 00	 60	   100
  38.7390719800  120.6354578630   2006	1	 01	 00	 00	 00	 60	   100
  38.7435687680  120.6356861700   2006	1	 01	 00	 00	 00	 60	   100
  38.7480655520  120.6359145280   2006	1	 01	 00	 00	 00	 60	   100
  38.7525623310  120.6361429370   2006	1	 01	 00	 00	 00	 60	   100
  38.7570591060  120.6363713980   2006	1	 01	 00	 00	 00	 60	   100
  38.7615558750  120.6365999090   2006	1	 01	 00	 00	 00	 60	   100
  38.7660526410  120.6368284710   2006	1	 01	 00	 00	 00	 60	   100
  38.7705494010  120.6370570840   2006	1	 01	 00	 00	 00	 60	   100
  38.7750461570  120.6372857480   2006	1	 01	 00	 00	 00	 60	   100
  38.7795429090  120.6375144640   2006	1	 01	 00	 00	 00	 60	   100
  38.7840396560  120.6377432300   2006	1	 01	 00	 00	 00	 60	   100
  38.7885363980  120.6379720470   2006	1	 01	 00	 00	 00	 60	   100
  38.7930331360  120.6382009160   2006	1	 01	 00	 00	 00	 60	   100
  38.7975298690  120.6384298360   2006	1	 01	 00	 00	 00	 60	   100
  38.8020265970  120.6386588060   2006	1	 01	 00	 00	 00	 60	   100
  38.8065233210  120.6388878280   2006	1	 01	 00	 00	 00	 60	   100
  38.8110200400  120.6391169010   2006	1	 01	 00	 00	 00	 60	   100
  38.8155167550  120.6393460260   2006	1	 01	 00	 00	 00	 60	   100
  38.8200134650  120.6395752010   2006	1	 01	 00	 00	 00	 60	   100
  38.8245101700  120.6398044280   2006	1	 01	 00	 00	 00	 60	   100
  38.8290068710  120.6400337050   2006	1	 01	 00	 00	 00	 60	   100
  38.8335035670  120.6402630340   2006	1	 01	 00	 00	 00	 60	   100
  38.8380002590  120.6404924150   2006	1	 01	 00	 00	 00	 60	   100
  38.8424969450  120.6407218460   2006	1	 01	 00	 00	 00	 60	   100
  38.8469936280  120.6409513290   2006	1	 01	 00	 00	 00	 60	   100
  38.8514903050  120.6411808630   2006	1	 01	 00	 00	 00	 60	   100
  38.8559869780  120.6414104480   2006	1	 01	 00	 00	 00	 60	   100
  38.8604836470  120.6416400850   2006	1	 01	 00	 00	 00	 60	   100
  38.8649803110  120.6418697720   2006	1	 01	 00	 00	 00	 60	   100
  38.8694769700  120.6420995120   2006	1	 01	 00	 00	 00	 60	   100
  38.8739736250  120.6423293020   2006	1	 01	 00	 00	 00	 60	   100
  38.8784702750  120.6425591440   2006	1	 01	 00	 00	 00	 60	   100
  38.8829669200  120.6427890370   2006	1	 01	 00	 00	 00	 60	   100
  38.8874635610  120.6430189810   2006	1	 01	 00	 00	 00	 60	   100
  38.8919601970  120.6432489770   2006	1	 01	 00	 00	 00	 60	   100
  38.8964568280  120.6434790250   2006	1	 01	 00	 00	 00	 60	   100
  38.9009534550  120.6437091230   2006	1	 01	 00	 00	 00	 60	   100
  38.9054500780  120.6439392730   2006	1	 01	 00	 00	 00	 60	   100
  38.9099466950  120.6441694750   2006	1	 01	 00	 00	 00	 60	   100
  38.9144433080  120.6443997280   2006	1	 01	 00	 00	 00	 60	   100
  38.9189399170  120.6446300320   2006	1	 01	 00	 00	 00	 60	   100
  38.9234365200  120.6448603880   2006	1	 01	 00	 00	 00	 60	   100
  38.9279331200  120.6450907950   2006	1	 01	 00	 00	 00	 60	   100
  38.9324297140  120.6453212540   2006	1	 01	 00	 00	 00	 60	   100
  38.9369263040  120.6455517640   2006	1	 01	 00	 00	 00	 60	   100
  38.9414228890  120.6457823260   2006	1	 01	 00	 00	 00	 60	   100
  38.9459194700  120.6460129390   2006	1	 01	 00	 00	 00	 60	   100
  38.9504160460  120.6462436040   2006	1	 01	 00	 00	 00	 60	   100
  38.9549126170  120.6464743210   2006	1	 01	 00	 00	 00	 60	   100
  38.9594091840  120.6467050890   2006	1	 01	 00	 00	 00	 60	   100
  38.9639057460  120.6469359080   2006	1	 01	 00	 00	 00	 60	   100
  38.9684023040  120.6471667790   2006	1	 01	 00	 00	 00	 60	   100
  38.9728988570  120.6473977020   2006	1	 01	 00	 00	 00	 60	   100
  38.9773954050  120.6476286760   2006	1	 01	 00	 00	 00	 60	   100
  38.9818919490  120.6478597020   2006	1	 01	 00	 00	 00	 60	   100
  38.9863884880  120.6480907800   2006	1	 01	 00	 00	 00	 60	   100
  38.9908850220  120.6483219090   2006	1	 01	 00	 00	 00	 60	   100
  38.9953815520  120.6485530900   2006	1	 01	 00	 00	 00	 60	   100
  38.9998780770  120.6487843220   2006	1	 01	 00	 00	 00	 60	   100
  39.0043745980  120.6490156070   2006	1	 01	 00	 00	 00	 60	   100
  39.0088711140  120.6492469430   2006	1	 01	 00	 00	 00	 60	   100
  39.0133676250  120.6494783300   2006	1	 01	 00	 00	 00	 60	   100
  39.0178641320  120.6497097700   2006	1	 01	 00	 00	 00	 60	   100
  39.0223606340  120.6499412610   2006	1	 01	 00	 00	 00	 60	   100
  39.0268571310  120.6501728040   2006	1	 01	 00	 00	 00	 60	   100
  39.0313536240  120.6504043980   2006	1	 01	 00	 00	 00	 60	   100
  39.0358501120  120.6506360450   2006	1	 01	 00	 00	 00	 60	   100
  39.0403465950  120.6508677430   2006	1	 01	 00	 00	 00	 60	   100
  39.0448430740  120.6510994930   2006	1	 01	 00	 00	 00	 60	   100
  39.0493395480  120.6513312950   2006	1	 01	 00	 00	 00	 60	   100
  39.0538360180  120.6515631480   2006	1	 01	 00	 00	 00	 60	   100
  39.0583324830  120.6517950540   2006	1	 01	 00	 00	 00	 60	   100
  39.0628289430  120.6520270110   2006	1	 01	 00	 00	 00	 60	   100
  39.0673253990  120.6522590200   2006	1	 01	 00	 00	 00	 60	   100
  39.0718218500  120.6524910820   2006	1	 01	 00	 00	 00	 60	   100
  39.0763182960  120.6527231940   2006	1	 01	 00	 00	 00	 60	   100
  39.0808147380  120.6529553590   2006	1	 01	 00	 00	 00	 60	   100
  39.0853111750  120.6531875760   2006	1	 01	 00	 00	 00	 60	   100
  39.0898076070  120.6534198450   2006	1	 01	 00	 00	 00	 60	   100
  39.0943040350  120.6536521650   2006	1	 01	 00	 00	 00	 60	   100
  39.0988004580  120.6538845380   2006	1	 01	 00	 00	 00	 60	   100
  39.1032968770  120.6541169630   2006	1	 01	 00	 00	 00	 60	   100
  39.1077932910  120.6543494390   2006	1	 01	 00	 00	 00	 60	   100
  39.1122897000  120.6545819680   2006	1	 01	 00	 00	 00	 60	   100
  39.1167861050  120.6548145480   2006	1	 01	 00	 00	 00	 60	   100
  39.1212825050  120.6550471810   2006	1	 01	 00	 00	 00	 60	   100
  39.1257789000  120.6552798650   2006	1	 01	 00	 00	 00	 60	   100
  39.1302752910  120.6555126020   2006	1	 01	 00	 00	 00	 60	   100
  39.1347716770  120.6557453910   2006	1	 01	 00	 00	 00	 60	   100
  39.1392680580  120.6559782310   2006	1	 01	 00	 00	 00	 60	   100
  39.1437644350  120.6562111240   2006	1	 01	 00	 00	 00	 60	   100
  39.1482608070  120.6564440690   2006	1	 01	 00	 00	 00	 60	   100
  39.1527571750  120.6566770660   2006	1	 01	 00	 00	 00	 60	   100
  39.1572535380  120.6569101150   2006	1	 01	 00	 00	 00	 60	   100
  39.1608869160  120.6559414840   2006	1	 01	 00	 00	 00	 60	   100
  39.1610682020  120.6501659130   2006	1	 01	 00	 00	 00	 60	   100
  39.1612492020  120.6443902900   2006	1	 01	 00	 00	 00	 60	   100
  39.1614299170  120.6386146150   2006	1	 01	 00	 00	 00	 60	   100
  39.1616103460  120.6328388880   2006	1	 01	 00	 00	 00	 60	   100
  39.1617904890  120.6270631090   2006	1	 01	 00	 00	 00	 60	   100
  39.1619703470  120.6212872790   2006	1	 01	 00	 00	 00	 60	   100
  39.1621499200  120.6155113970   2006	1	 01	 00	 00	 00	 60	   100
  39.1623292070  120.6097354630   2006	1	 01	 00	 00	 00	 60	   100
  39.1625082080  120.6039594780   2006	1	 01	 00	 00	 00	 60	   100
  39.1626869240  120.5981834420   2006	1	 01	 00	 00	 00	 60	   100
  39.1628653540  120.5924073540   2006	1	 01	 00	 00	 00	 60	   100
  39.1630434980  120.5866312150   2006	1	 01	 00	 00	 00	 60	   100
  39.1632213570  120.5808550250   2006	1	 01	 00	 00	 00	 60	   100
  39.1633989300  120.5750787840   2006	1	 01	 00	 00	 00	 60	   100
  39.1635762180  120.5693024920   2006	1	 01	 00	 00	 00	 60	   100
  39.1637532200  120.5635261490   2006	1	 01	 00	 00	 00	 60	   100
  39.1639299360  120.5577497550   2006	1	 01	 00	 00	 00	 60	   100
  39.1641063670  120.5519733100   2006	1	 01	 00	 00	 00	 60	   100
  39.1642825120  120.5461968150   2006	1	 01	 00	 00	 00	 60	   100
  39.1644583710  120.5404202690   2006	1	 01	 00	 00	 00	 60	   100
  39.1646339450  120.5346436730   2006	1	 01	 00	 00	 00	 60	   100
  39.1648092330  120.5288670260   2006	1	 01	 00	 00	 00	 60	   100
  39.1649842350  120.5230903290   2006	1	 01	 00	 00	 00	 60	   100
  39.1651589510  120.5173135810   2006	1	 01	 00	 00	 00	 60	   100
  39.1653333820  120.5115367840   2006	1	 01	 00	 00	 00	 60	   100
  39.1655075270  120.5057599360   2006	1	 01	 00	 00	 00	 60	   100
  39.1656813870  120.4999830390   2006	1	 01	 00	 00	 00	 60	   100
  39.1658549600  120.4942060910   2006	1	 01	 00	 00	 00	 60	   100
  39.1660282480  120.4884290940   2006	1	 01	 00	 00	 00	 60	   100
  39.1662012500  120.4826520460   2006	1	 01	 00	 00	 00	 60	   100
  39.1663739670  120.4768749500   2006	1	 01	 00	 00	 00	 60	   100
  39.1665463970  120.4710978030   2006	1	 01	 00	 00	 00	 60	   100
  39.1667185420  120.4653206070   2006	1	 01	 00	 00	 00	 60	   100
  39.1668904010  120.4595433620   2006	1	 01	 00	 00	 00	 60	   100
  39.1670619750  120.4537660670   2006	1	 01	 00	 00	 00	 60	   100
  39.1672332620  120.4479887230   2006	1	 01	 00	 00	 00	 60	   100
  39.1674042640  120.4422113300   2006	1	 01	 00	 00	 00	 60	   100
  39.1675749800  120.4364338880   2006	1	 01	 00	 00	 00	 60	   100
  39.1677454100  120.4306563970   2006	1	 01	 00	 00	 00	 60	   100
  39.1679155540  120.4248788560   2006	1	 01	 00	 00	 00	 60	   100
  39.1680854120  120.4191012670   2006	1	 01	 00	 00	 00	 60	   100
  39.1682549850  120.4133236290   2006	1	 01	 00	 00	 00	 60	   100
  39.1684242720  120.4075459430   2006	1	 01	 00	 00	 00	 60	   100
  39.1685932730  120.4017682080   2006	1	 01	 00	 00	 00	 60	   100
  39.1687619880  120.3959904240   2006	1	 01	 00	 00	 00	 60	   100
  39.1689304170  120.3902125920   2006	1	 01	 00	 00	 00	 60	   100
  39.1690985600  120.3844347110   2006	1	 01	 00	 00	 00	 60	   100
  39.1692664180  120.3786567820   2006	1	 01	 00	 00	 00	 60	   100
  39.1694339890  120.3728788050   2006	1	 01	 00	 00	 00	 60	   100
  39.1696012750  120.3671007800   2006	1	 01	 00	 00	 00	 60	   100
  39.1697682750  120.3613227070   2006	1	 01	 00	 00	 00	 60	   100
  39.1699349880  120.3555445860   2006	1	 01	 00	 00	 00	 60	   100
  39.1701014160  120.3497664170   2006	1	 01	 00	 00	 00	 60	   100
  39.1702675580  120.3439882000   2006	1	 01	 00	 00	 00	 60	   100
  39.1704334140  120.3382099350   2006	1	 01	 00	 00	 00	 60	   100
  39.1705989850  120.3324316230   2006	1	 01	 00	 00	 00	 60	   100
  39.1707642690  120.3266532630   2006	1	 01	 00	 00	 00	 60	   100
  39.1709292670  120.3208748560   2006	1	 01	 00	 00	 00	 60	   100
  39.1710939790  120.3150964020   2006	1	 01	 00	 00	 00	 60	   100
  39.1712584060  120.3093179000   2006	1	 01	 00	 00	 00	 60	   100
  39.1714225460  120.3035393510   2006	1	 01	 00	 00	 00	 60	   100
  39.1715864000  120.2977607540   2006	1	 01	 00	 00	 00	 60	   100
  39.1717499690  120.2919821110   2006	1	 01	 00	 00	 00	 60	   100
  39.1719132510  120.2862034210   2006	1	 01	 00	 00	 00	 60	   100
  39.1720762470  120.2804246830   2006	1	 01	 00	 00	 00	 60	   100
  39.1722389580  120.2746458990   2006	1	 01	 00	 00	 00	 60	   100
  39.1724013820  120.2688670690   2006	1	 01	 00	 00	 00	 60	   100
  39.1725635210  120.2630881910   2006	1	 01	 00	 00	 00	 60	   100
  39.1727253730  120.2573092670   2006	1	 01	 00	 00	 00	 60	   100
  39.1728869390  120.2515302970   2006	1	 01	 00	 00	 00	 60	   100
  39.1730482190  120.2457512800   2006	1	 01	 00	 00	 00	 60	   100
  39.1732092140  120.2399722170   2006	1	 01	 00	 00	 00	 60	   100
  39.1733699220  120.2341931070   2006	1	 01	 00	 00	 00	 60	   100
  39.1735303440  120.2284139520   2006	1	 01	 00	 00	 00	 60	   100
  39.1736904800  120.2226347500   2006	1	 01	 00	 00	 00	 60	   100
  39.1738503300  120.2168555020   2006	1	 01	 00	 00	 00	 60	   100
  39.1740098940  120.2110762080   2006	1	 01	 00	 00	 00	 60	   100
  39.1741691710  120.2052968690   2006	1	 01	 00	 00	 00	 60	   100
  39.1743281630  120.1995174840   2006	1	 01	 00	 00	 00	 60	   100
  39.1744868690  120.1937380530   2006	1	 01	 00	 00	 00	 60	   100
  39.1746452880  120.1879585760   2006	1	 01	 00	 00	 00	 60	   100
  39.1748034220  120.1821790540   2006	1	 01	 00	 00	 00	 60	   100
  39.1749612690  120.1763994870   2006	1	 01	 00	 00	 00	 60	   100
  39.1751188300  120.1706198740   2006	1	 01	 00	 00	 00	 60	   100
  39.1752761050  120.1648402160   2006	1	 01	 00	 00	 00	 60	   100
  39.1754330940  120.1590605130   2006	1	 01	 00	 00	 00	 60	   100
  39.1755897960  120.1532807650   2006	1	 01	 00	 00	 00	 60	   100
  39.1757462130  120.1475009720   2006	1	 01	 00	 00	 00	 60	   100
  39.1759023430  120.1417211330   2006	1	 01	 00	 00	 00	 60	   100
  39.1760581870  120.1359412500   2006	1	 01	 00	 00	 00	 60	   100
  39.1762137460  120.1301613220   2006	1	 01	 00	 00	 00	 60	   100
  39.1763690170  120.1243813500   2006	1	 01	 00	 00	 00	 60	   100
  39.1765240030  120.1186013330   2006	1	 01	 00	 00	 00	 60	   100
  39.1766787020  120.1128212710   2006	1	 01	 00	 00	 00	 60	   100
  39.1768331160  120.1070411650   2006	1	 01	 00	 00	 00	 60	   100
  39.1769872430  120.1012610140   2006	1	 01	 00	 00	 00	 60	   100
  39.1771410840  120.0954808200   2006	1	 01	 00	 00	 00	 60	   100
  39.1772946380  120.0897005810   2006	1	 01	 00	 00	 00	 60	   100
  39.1774479070  120.0839202980   2006	1	 01	 00	 00	 00	 60	   100
  39.1776008890  120.0781399710   2006	1	 01	 00	 00	 00	 60	   100
  39.1777535850  120.0723595990   2006	1	 01	 00	 00	 00	 60	   100
  39.1779059940  120.0665791850   2006	1	 01	 00	 00	 00	 60	   100
  39.1780581180  120.0607987260   2006	1	 01	 00	 00	 00	 60	   100
  39.1782099550  120.0550182230   2006	1	 01	 00	 00	 00	 60	   100
  39.1783615060  120.0492376770   2006	1	 01	 00	 00	 00	 60	   100
  39.1785127700  120.0434570880   2006	1	 01	 00	 00	 00	 60	   100
  39.1786637480  120.0376764550   2006	1	 01	 00	 00	 00	 60	   100
  39.1788144410  120.0318957780   2006	1	 01	 00	 00	 00	 60	   100
  39.1789648460  120.0261150590   2006	1	 01	 00	 00	 00	 60	   100
  39.1791149660  120.0203342960   2006	1	 01	 00	 00	 00	 60	   100
  39.1792647990  120.0145534900   2006	1	 01	 00	 00	 00	 60	   100
  39.1794143460  120.0087726410   2006	1	 01	 00	 00	 00	 60	   100
  39.1795636060  120.0029917480   2006	1	 01	 00	 00	 00	 60	   100
  39.1797125800  119.9972108140   2006	1	 01	 00	 00	 00	 60	   100
  39.1798612680  119.9914298360   2006	1	 01	 00	 00	 00	 60	   100
  39.1800096700  119.9856488150   2006	1	 01	 00	 00	 00	 60	   100
  39.1801577850  119.9798677520   2006	1	 01	 00	 00	 00	 60	   100
  39.1803056140  119.9740866460   2006	1	 01	 00	 00	 00	 60	   100
  39.1804531560  119.9683054980   2006	1	 01	 00	 00	 00	 60	   100
  39.1806004120  119.9625243080   2006	1	 01	 00	 00	 00	 60	   100
  39.1807473820  119.9567430750   2006	1	 01	 00	 00	 00	 60	   100
  39.1808940650  119.9509618000   2006	1	 01	 00	 00	 00	 60	   100
  39.1810404620  119.9451804830   2006	1	 01	 00	 00	 00	 60	   100
  39.1811865730  119.9393991230   2006	1	 01	 00	 00	 00	 60	   100
  39.1813323970  119.9336177220   2006	1	 01	 00	 00	 00	 60	   100
  39.1814779350  119.9278362790   2006	1	 01	 00	 00	 00	 60	   100
  39.1816231860  119.9220547940   2006	1	 01	 00	 00	 00	 60	   100
  39.1817681510  119.9162732670   2006	1	 01	 00	 00	 00	 60	   100
  39.1819128290  119.9104916990   2006	1	 01	 00	 00	 00	 60	   100
  39.1820572220  119.9047100890   2006	1	 01	 00	 00	 00	 60	   100
  39.1822013270  119.8989284370   2006	1	 01	 00	 00	 00	 60	   100
  39.1823451470  119.8931467440   2006	1	 01	 00	 00	 00	 60	   100
  39.1824886790  119.8873650100   2006	1	 01	 00	 00	 00	 60	   100
  39.1826319260  119.8815832350   2006	1	 01	 00	 00	 00	 60	   100
  39.1827748860  119.8758014180   2006	1	 01	 00	 00	 00	 60	   100
  39.1829175590  119.8700195600   2006	1	 01	 00	 00	 00	 60	   100
  39.1830599460  119.8642376620   2006	1	 01	 00	 00	 00	 60	   100
  39.1832020460  119.8584557220   2006	1	 01	 00	 00	 00	 60	   100
  39.1833438600  119.8526737420   2006	1	 01	 00	 00	 00	 60	   100
  39.1834853880  119.8468917210   2006	1	 01	 00	 00	 00	 60	   100
  39.1836266290  119.8411096590   2006	1	 01	 00	 00	 00	 60	   100
  39.1837675830  119.8353275560   2006	1	 01	 00	 00	 00	 60	   100
  39.1839082520  119.8295454130   2006	1	 01	 00	 00	 00	 60	   100
  39.1840486330  119.8237632300   2006	1	 01	 00	 00	 00	 60	   100
  39.1841887280  119.8179810060   2006	1	 01	 00	 00	 00	 60	   100
  39.1843285360  119.8121987420   2006	1	 01	 00	 00	 00	 60	   100
  39.1844680580  119.8064164380   2006	1	 01	 00	 00	 00	 60	   100
  39.1846072940  119.8006340940   2006	1	 01	 00	 00	 00	 60	   100
  39.1847462430  119.7948517100   2006	1	 01	 00	 00	 00	 60	   100
  39.1848849050  119.7890692850   2006	1	 01	 00	 00	 00	 60	   100
  39.1850232810  119.7832868210   2006	1	 01	 00	 00	 00	 60	   100
  39.1851613700  119.7775043170   2006	1	 01	 00	 00	 00	 60	   100
  39.1852991730  119.7717217740   2006	1	 01	 00	 00	 00	 60	   100
  39.1854366890  119.7659391910   2006	1	 01	 00	 00	 00	 60	   100
  39.1855739180  119.7601565680   2006	1	 01	 00	 00	 00	 60	   100
  39.1857108610  119.7543739060   2006	1	 01	 00	 00	 00	 60	   100
  39.1858475180  119.7485912050   2006	1	 01	 00	 00	 00	 60	   100
  39.1859838870  119.7428084640   2006	1	 01	 00	 00	 00	 60	   100
  39.1861199700  119.7370256840   2006	1	 01	 00	 00	 00	 60	   100
  39.1862557670  119.7312428650   2006	1	 01	 00	 00	 00	 60	   100
  39.1863912770  119.7254600070   2006	1	 01	 00	 00	 00	 60	   100
  39.1865265000  119.7196771100   2006	1	 01	 00	 00	 00	 60	   100
  39.1866614370  119.7138941740   2006	1	 01	 00	 00	 00	 60	   100
  39.1867960870  119.7081112000   2006	1	 01	 00	 00	 00	 60	   100
  39.1869304500  119.7023281870   2006	1	 01	 00	 00	 00	 60	   100
  39.1870645270  119.6965451350   2006	1	 01	 00	 00	 00	 60	   100
  39.1871983170  119.6907620440   2006	1	 01	 00	 00	 00	 60	   100
  39.1873318210  119.6849789150   2006	1	 01	 00	 00	 00	 60	   100
  39.1874650380  119.6791957480   2006	1	 01	 00	 00	 00	 60	   100
  39.1875979680  119.6734125420   2006	1	 01	 00	 00	 00	 60	   100
  39.1877306110  119.6676292990   2006	1	 01	 00	 00	 00	 60	   100
  39.1878629680  119.6618460170   2006	1	 01	 00	 00	 00	 60	   100
  39.1879950380  119.6560626970   2006	1	 01	 00	 00	 00	 60	   100
  39.1881268220  119.6502793390   2006	1	 01	 00	 00	 00	 60	   100
  39.1882583190  119.6444959430   2006	1	 01	 00	 00	 00	 60	   100
  39.1883895290  119.6387125100   2006	1	 01	 00	 00	 00	 60	   100
  39.1885204520  119.6329290380   2006	1	 01	 00	 00	 00	 60	   100
  39.1886510890  119.6271455290   2006	1	 01	 00	 00	 00	 60	   100
  39.1887814390  119.6213619830   2006	1	 01	 00	 00	 00	 60	   100
  39.1889115020  119.6155783990   2006	1	 01	 00	 00	 00	 60	   100
  39.1890412780  119.6097947780   2006	1	 01	 00	 00	 00	 60	   100
  39.1891707680  119.6040111190   2006	1	 01	 00	 00	 00	 60	   100
  39.1892999710  119.5982274230   2006	1	 01	 00	 00	 00	 60	   100
  39.1894288870  119.5924436900   2006	1	 01	 00	 00	 00	 60	   100
  39.1895575170  119.5866599200   2006	1	 01	 00	 00	 00	 60	   100
  39.1896858600  119.5808761130   2006	1	 01	 00	 00	 00	 60	   100
  39.1898139160  119.5750922690   2006	1	 01	 00	 00	 00	 60	   100
  39.1899416850  119.5693083890   2006	1	 01	 00	 00	 00	 60	   100
  39.1900691680  119.5635244710   2006	1	 01	 00	 00	 00	 60	   100
  39.1901963630  119.5577405170   2006	1	 01	 00	 00	 00	 60	   100
  39.1903232720  119.5519565270   2006	1	 01	 00	 00	 00	 60	   100
  39.1904498950  119.5461725000   2006	1	 01	 00	 00	 00	 60	   100
  39.1905762300  119.5403884360   2006	1	 01	 00	 00	 00	 60	   100
  39.1907022790  119.5346043360   2006	1	 01	 00	 00	 00	 60	   100
  39.1908280400  119.5288202000   2006	1	 01	 00	 00	 00	 60	   100
  39.1909535150  119.5230360280   2006	1	 01	 00	 00	 00	 60	   100
  39.1910787040  119.5172518200   2006	1	 01	 00	 00	 00	 60	   100
  39.1912036050  119.5114675760   2006	1	 01	 00	 00	 00	 60	   100
  39.1913282200  119.5056832950   2006	1	 01	 00	 00	 00	 60	   100
  39.1914525470  119.4998989790   2006	1	 01	 00	 00	 00	 60	   100
  39.1915765880  119.4941146280   2006	1	 01	 00	 00	 00	 60	   100
  39.1917003420  119.4883302400   2006	1	 01	 00	 00	 00	 60	   100
  39.1918238090  119.4825458170   2006	1	 01	 00	 00	 00	 60	   100
  39.1919469900  119.4767613590   2006	1	 01	 00	 00	 00	 60	   100
  39.1920698830  119.4709768650   2006	1	 01	 00	 00	 00	 60	   100
  39.1921924900  119.4651923360   2006	1	 01	 00	 00	 00	 60	   100
  39.1923148100  119.4594077720   2006	1	 01	 00	 00	 00	 60	   100
  39.1924368430  119.4536231720   2006	1	 01	 00	 00	 00	 60	   100
  39.1925585890  119.4478385370   2006	1	 01	 00	 00	 00	 60	   100
  39.1926800480  119.4420538680   2006	1	 01	 00	 00	 00	 60	   100
  39.1928012200  119.4362691630   2006	1	 01	 00	 00	 00	 60	   100
  39.1929221050  119.4304844240   2006	1	 01	 00	 00	 00	 60	   100
  39.1930427040  119.4246996500   2006	1	 01	 00	 00	 00	 60	   100
  39.1931630160  119.4189148410   2006	1	 01	 00	 00	 00	 60	   100
  39.1932830400  119.4131299970   2006	1	 01	 00	 00	 00	 60	   100
  39.1934027780  119.4073451200   2006	1	 01	 00	 00	 00	 60	   100
  39.1935222290  119.4015602070   2006	1	 01	 00	 00	 00	 60	   100
  39.1936413930  119.3957752610   2006	1	 01	 00	 00	 00	 60	   100
  39.1937602700  119.3899902800   2006	1	 01	 00	 00	 00	 60	   100
  39.1938788600  119.3842052650   2006	1	 01	 00	 00	 00	 60	   100
  39.1939971630  119.3784202150   2006	1	 01	 00	 00	 00	 60	   100
  39.1941151790  119.3726351320   2006	1	 01	 00	 00	 00	 60	   100
  39.1942329080  119.3668500150   2006	1	 01	 00	 00	 00	 60	   100
  39.1943503510  119.3610648640   2006	1	 01	 00	 00	 00	 60	   100
  39.1944675060  119.3552796790   2006	1	 01	 00	 00	 00	 60	   100
  39.1945843740  119.3494944610   2006	1	 01	 00	 00	 00	 60	   100
  39.1947009560  119.3437092090   2006	1	 01	 00	 00	 00	 60	   100
  39.1948172500  119.3379239240   2006	1	 01	 00	 00	 00	 60	   100
  39.1949332580  119.3321386050   2006	1	 01	 00	 00	 00	 60	   100
  39.1950489780  119.3263532520   2006	1	 01	 00	 00	 00	 60	   100
  39.1951644120  119.3205678670   2006	1	 01	 00	 00	 00	 60	   100
  39.1952795580  119.3147824480   2006	1	 01	 00	 00	 00	 60	   100
  39.1953944180  119.3089969960   2006	1	 01	 00	 00	 00	 60	   100
  39.1955089900  119.3032115110   2006	1	 01	 00	 00	 00	 60	   100
  39.1956232760  119.2974259940   2006	1	 01	 00	 00	 00	 60	   100
  39.1957372740  119.2916404430   2006	1	 01	 00	 00	 00	 60	   100
  39.1958509860  119.2858548590   2006	1	 01	 00	 00	 00	 60	   100
  39.1959644100  119.2800692430   2006	1	 01	 00	 00	 00	 60	   100
  39.1960775480  119.2742835950   2006	1	 01	 00	 00	 00	 60	   100
  39.1961903980  119.2684979130   2006	1	 01	 00	 00	 00	 60	   100
  39.1963029620  119.2627122000   2006	1	 01	 00	 00	 00	 60	   100
  39.1964152380  119.2569264540   2006	1	 01	 00	 00	 00	 60	   100
  39.1965272270  119.2511406750   2006	1	 01	 00	 00	 00	 60	   100
  39.1966389290  119.2453548650   2006	1	 01	 00	 00	 00	 60	   100
  39.1967503450  119.2395690220   2006	1	 01	 00	 00	 00	 60	   100
  39.1968614730  119.2337831470   2006	1	 01	 00	 00	 00	 60	   100
  39.1969723140  119.2279972410   2006	1	 01	 00	 00	 00	 60	   100
  39.1970828680  119.2222113020   2006	1	 01	 00	 00	 00	 60	   100
  39.1971931350  119.2164253320   2006	1	 01	 00	 00	 00	 60	   100
  39.1973031150  119.2106393300   2006	1	 01	 00	 00	 00	 60	   100
  39.1974128070  119.2048532960   2006	1	 01	 00	 00	 00	 60	   100
  39.1975222130  119.1990672310   2006	1	 01	 00	 00	 00	 60	   100
  39.1976313320  119.1932811350   2006	1	 01	 00	 00	 00	 60	   100
  39.1977401630  119.1874950070   2006	1	 01	 00	 00	 00	 60	   100
  39.1978487070  119.1817088470   2006	1	 01	 00	 00	 00	 60	   100
  39.1979569650  119.1759226570   2006	1	 01	 00	 00	 00	 60	   100
  39.1980649350  119.1701364350   2006	1	 01	 00	 00	 00	 60	   100
  39.1981726180  119.1643501830   2006	1	 01	 00	 00	 00	 60	   100
  39.1982800140  119.1585638990   2006	1	 01	 00	 00	 00	 60	   100
  39.1983871230  119.1527775850   2006	1	 01	 00	 00	 00	 60	   100
  39.1984939440  119.1469912390   2006	1	 01	 00	 00	 00	 60	   100
  39.1986004790  119.1412048630   2006	1	 01	 00	 00	 00	 60	   100
  39.1987067260  119.1354184570   2006	1	 01	 00	 00	 00	 60	   100
  39.1988126870  119.1296320200   2006	1	 01	 00	 00	 00	 60	   100
  39.1989183600  119.1238455520   2006	1	 01	 00	 00	 00	 60	   100
  39.1990237460  119.1180590540   2006	1	 01	 00	 00	 00	 60	   100
  39.1991288450  119.1122725260   2006	1	 01	 00	 00	 00	 60	   100
  39.1992336560  119.1064859670   2006	1	 01	 00	 00	 00	 60	   100
  39.1993381810  119.1006993790   2006	1	 01	 00	 00	 00	 60	   100
  39.1994424180  119.0949127600   2006	1	 01	 00	 00	 00	 60	   100
  39.1995463680  119.0891261110   2006	1	 01	 00	 00	 00	 60	   100